31 214 1086
14 211 1161
36 216 1004
41 119 3322
36 111 3210
44 119 4200
44 121 4303
36 114 3543
64 119 4500
51 114 4500
394 46 1483
346 71 1989
326 86 2597
151 51 1772
236 101 509
231 96 514
224 96 516
221 61 506
204 66 512
201 56 514
19 214 1165
154 61 1724
166 36 1765
144 56 1782
159 34 1752
166 44 1781
156 56 1777
156 49 1768
166 41 1781
16 194 1528
44 209 1378
51 216 952
401 46 2081
44 214 1074
16 214 1165
16 214 1164
49 216 1040
14 219 1128
49 209 1399
34 216 1073
41 211 1232
11 211 1161
396 96 1581
411 119 1470
416 129 1435
436 64 1311
409 89 1485
391 121 1631
439 61 1294
459 131 1200
149 66 -2147483648
176 49 1821
159 114 498
161 111 504
171 114 511
186 116 521
186 111 519
204 119 518
204 104 515
206 99 511
199 99 509
206 96 -2147483648
201 101 -2147483648
199 109 508
196 119 514
189 126 515
199 136 552
201 141 573
201 141 610
201 141 644
199 141 677
199 141 700
194 139 718
194 141 734
186 141 735
184 141 3529
189 149 743
196 149 753
199 154 757
201 151 767
199 164 782
196 159 804
191 166 822
186 169 833
174 169 855
151 169 867
146 174 893
144 166 921
131 161 921
131 154 925
136 154 937
141 154 939
154 151 957
166 156 962
171 159 974
186 161 1004
194 171 1025
199 176 1048
204 181 1080
206 181 1108
211 186 1137
214 189 1153
216 189 1188
216 191 1204
216 191 1217
209 191 1208
204 191 1200
204 191 1190
199 194 1197
191 194 1183
186 194 1182
184 194 1195
176 194 1203
171 194 1225
169 196 1244
164 196 1269
161 201 1307
406 76 1526
156 201 1349
461 59 1185
159 201 1360
164 206 1366
466 49 1160
171 204 1365
179 206 1352
179 196 1343
184 194 1352
186 189 1363
186 189 1383
186 186 1408
336 121 2348
186 184 1446
186 181 1480
186 179 1491
186 176 1522
186 176 1534
184 176 1536
176 176 1518
179 179 1520
374 96 1785
176 184 1495
376 94 1766
171 184 1468
169 186 1460
169 189 1475
169 191 1478
169 194 1489
169 194 1511
169 189 1532
174 194 1556
174 189 1570
179 186 1581
184 184 1587
186 179 1574
186 176 1569
191 174 1557
194 169 1547
194 166 1532
201 164 1544
201 164 1537
201 161 1545
201 156 1553
199 154 1569
